1
2
6
7
9
10
11
12
13
15
16
18
19
20
21
23
24
25
29
32
34
35
36
37
38
39
40
41
42
43
44
45
48
49
51
52
53
54
55
56
58
60
61
62
64
65
66
67
68
69
70
72
73
74
75
77
78
80
83
84
86
87
88
89
90
91
92
93
97
99
101
102
103
104
105
106
107
108
109
110
111
113
114
115
117
118
120
122
123
125
127
134
135
140
142
143
144
145
146
149
151
152
154
155
157
158
159
160
161
163
164
165
170
172
173
174
175
178
179
180
183
185
187
188
189
190
192
194
196
198
199
202
203
204
206
207
209
212
213
214
215
217
220
221
223
224
227
229
230
231
233
234
235
237
238
239
241
245
249
250
251
253
